exact resolution
newton--min gmres
Hmax = 0.07
meshdata(J).ne = 34592
effectivity indices = 

   (1,1)     44.396429581076781
   (2,1)     45.058140585147711
   (3,1)     45.180707648829028
   (4,1)     45.264313228276947
   (5,1)     45.288707943091431
   (6,1)     45.307056444388380
   (7,1)     45.312302885128794
   (8,1)     45.316588373135339
   (9,1)     45.317745667999574
  (10,1)     45.318634400850364
  (11,1)     45.318950905552022
  (12,1)     45.319132738872355
  (13,1)     45.319199532079040
  (14,1)     45.319240653162012
  (15,1)     45.319255184395757
  (16,1)     45.319264599955105
  (17,1)     45.319267942472571
  (18,1)     45.319270193620738
  (19,1)     45.319270928108963
  (20,1)     45.319271458757292
  (21,1)     45.319271614982988
  (22,1)     45.319271727201034
  (23,1)     45.319271764060794
  (24,1)     45.319271786345901
  (25,1)     45.319271793233277
  (26,1)     45.319271797516421
  (27,1)     45.319271798500914
  (28,1)     45.319271798905660
  (29,1)     45.319271798896423
  (30,1)     45.319271798679061
  (31,1)     45.319271798589057
  (32,1)     45.319271798393643
  (33,1)     45.319271798337120
  (34,1)     45.319271798235057
  (35,1)     45.319271798206074
  (36,1)     45.319271798150318
  (37,1)     45.319271798137756
  (38,1)     45.319271798113050
  (39,1)     45.319271798107486
  (40,1)     45.319271798097091
  (41,1)     45.319271798094590
  (42,1)     45.319271798090320
  (43,1)     45.319271798088977
  (44,1)     45.319271798087300
  (45,1)     45.319271798086675
  (46,1)     45.319271798085829
  (47,1)     45.319271798085595
  (48,1)     45.319271798085254
  (49,1)     45.319271798085033
  (50,1)     45.319271798084756
  (51,1)     45.319271798084756
  (52,1)     45.319271798084685
  (53,1)     45.319271798084564
  (54,1)     45.319271798084621
  (55,1)     45.319271798084401
   (1,2)     33.720673921126689
   (2,2)     33.720673907075437
   (1,3)     28.907213328388902
   (2,3)     28.907213579153243
   (1,4)     27.798511311439736
   (2,4)     27.798516622470363
   (1,5)     26.700651175536883
   (2,5)     26.700666091491208
   (1,6)     25.838800315389488
   (2,6)     25.836791823279359
   (3,6)     25.836791827141024
   (1,7)     25.202455991562726
   (2,7)     25.185560411455270
   (3,7)     25.185552263193717
   (4,7)     25.185552266517210
   (1,8)     26.047751101633999
   (2,8)     25.988939275309992
   (3,8)     25.988867820552407
   (4,8)     25.988867918168772
   (1,9)     26.229102638436991
   (2,9)     26.246264163292551
   (3,9)     26.246255652399480
   (4,9)     26.246255648531143
   (1,10)    26.662923035784587
   (2,10)    26.594718839174970
   (3,10)    26.594685952540217
   (4,10)    26.594685927986962
   (1,11)    27.035757785573431
   (2,11)    26.960998806933368
   (3,11)    26.961243811675818
   (4,11)    26.961243849825490
   (5,11)    26.961243856234013
   (1,12)    28.531571764173556
   (2,12)    28.721194396923323
   (3,12)    28.720113912467866
   (4,12)    28.720113847700755
   (5,12)    28.720113835485051
   (1,13)    28.221709321697908
   (2,13)    28.145698178715492
   (3,13)    28.146121321330121
   (4,13)    28.146120778455106
   (5,13)    28.146120807966234
   (1,14)    27.982718833754564
   (2,14)    28.850532162405536
   (3,14)    28.842445258488553
   (4,14)    28.842564158297169
   (5,14)    28.842564796728233
   (6,14)    28.842564842645004
   (1,15)    28.218126465683792
   (2,15)    29.234167523809710
   (3,15)    29.237345723056453
   (4,15)    29.237670174082183
   (5,15)    29.237670063214136
   (6,15)    29.237670310279608
   (7,15)    29.237670310240688
   (1,16)    29.298494665178591
   (2,16)    30.577036469462815
   (3,16)    30.596845604843619
   (4,16)    30.596098900095626
   (5,16)    30.596070000317741
   (6,16)    30.596069541117114
   (7,16)    30.596069510735163
   (1,17)    29.839969069237899
   (2,17)    31.357910036680689
   (3,17)    31.403244667271860
   (4,17)    31.402886446999496
   (5,17)    31.402864388446286
   (6,17)    31.402864869455197
   (7,17)    31.402864908002954
   (1,18)    30.672243175839167
   (2,18)    32.480019495084207
   (3,18)    32.442385800066972
   (4,18)    32.441374033985383
   (5,18)    32.441343091873044
   (6,18)    32.441344369795885
   (7,18)    32.441344646776699
   (8,18)    32.441344728159059
   (1,19)    30.717148924183000
   (2,19)    32.301840983732156
   (3,19)    32.246894136528368
   (4,19)    32.244881741020983
   (5,19)    32.244705333844827
   (6,19)    32.244700512582888
   (7,19)    32.244700116244807
   (8,19)    32.244700111434923
   (1,20)    29.413008491348474
   (2,20)    31.103467531295973
   (3,20)    31.070565050213727
   (4,20)    31.070251718469329
   (5,20)    31.070260444253751
   (6,20)    31.070271869722468
   (7,20)    31.070271704124654
   (8,20)    31.070271786616463
   (1,21)    20.153687012381798
   (2,21)    21.331466314370068
   (3,21)    21.269283247019327
   (4,21)    21.262127348999503
   (5,21)    21.261687296603121
   (6,21)    21.261655912659712
   (7,21)    21.261650551485765
   (8,21)    21.261650237193692
   (1,22)    12.246500117360473
   (2,22)    12.742436375412105
   (3,22)    12.709405393499130
   (4,22)    12.705307436718577
   (5,22)    12.705119508627089
   (6,22)    12.705115403166372
   (7,22)    12.705115053757895
   (8,22)    12.705115044305975
   (1,23)     6.688325183778284
   (2,23)     6.919341546712781
   (3,23)     6.904480769566378
   (4,23)     6.902111031746903
   (5,23)     6.901936588039661
   (6,23)     6.901939301400795
   (7,23)     6.901939628119480
   (1,24)     3.260582046057590
   (2,24)     3.335025988528334
   (3,24)     3.330902785951682
   (4,24)     3.330317137064324
   (5,24)     3.330246685106694
   (6,24)     3.330246904879621
   (7,24)     3.330246954168456
   (1,25)     1.480294473768965
   (2,25)     1.493062448480877
   (3,25)     1.492756257081480
   (4,25)     1.492815403610639
   (5,25)     1.492821422872674
   (6,25)     1.492823314994650
   (7,25)     1.492823322858997
   (8,25)     1.492823351468870
   (1,26)     1.090012087084975
   (2,26)     1.090912559499506
   (3,26)     1.090839903693923
   (4,26)     1.090829906527080
   (5,26)     1.090829688434335
   (6,26)     1.090829416919835
   (7,26)     1.090829377970471
   (1,27)     1.034283864003694
   (2,27)     1.034283611494339
   (3,27)     1.034283602710073
   (4,27)     1.034283602004373
   (5,27)     1.034283601506003
   (1,28)     1.034283601305594

number iterations = 
 
   (1,1)      0.011619476605201
   (2,1)      0.003464402883381
   (3,1)      0.001947635746069
   (4,1)      0.001357578262597
   (5,1)      0.000910019602311
   (6,1)      0.000640238042286
   (7,1)      0.000434053447683
   (8,1)      0.000295428334493
   (9,1)      0.000203758053071
  (10,1)      0.000143442108004
  (11,1)      0.000094622298597
  (12,1)      0.000066202643637
  (13,1)      0.000045986501937
  (14,1)      0.000031305556517
  (15,1)      0.000022085246615
  (16,1)      0.000015178887579
  (17,1)      0.000010744816251
  (18,1)      0.000007262688421
  (19,1)      0.000005096556713
  (20,1)      0.000003438083256
  (21,1)      0.000002408463251
  (22,1)      0.000001668200409
  (23,1)      0.000001135901028
  (24,1)      0.000000792931564
  (25,1)      0.000000556511715
  (26,1)      0.000000377441492
  (27,1)      0.000000260680289
  (28,1)      0.000000178950843
  (29,1)      0.000000117406495
  (30,1)      0.000000083108175
  (31,1)      0.000000053991675
  (32,1)      0.000000036648066
  (33,1)      0.000000023937741
  (34,1)      0.000000016610803
  (35,1)      0.000000010987342
  (36,1)      0.000000007287553
  (37,1)      0.000000004688837
  (38,1)      0.000000003239276
  (39,1)      0.000000002017127
  (40,1)      0.000000001406199
  (41,1)      0.000000000898245
  (42,1)      0.000000000614056
  (43,1)      0.000000000411463
  (44,1)      0.000000000287119
  (45,1)      0.000000000189658
  (46,1)      0.000000000131923
  (47,1)      0.000000000089584
  (48,1)      0.000000000061469
  (49,1)      0.000000000041759
  (50,1)      0.000000000027405
  (51,1)      0.000000000018531
  (52,1)      0.000000000012863
  (53,1)      0.000000000008724
  (54,1)      0.000000000006048
  (55,1)      0.000000000004060
  (1,2)      0.000000004015624
   (2,2)      0.000000000003742
   (1,3)      0.000000080986736
   (2,3)      0.000000000003582
   (1,4)      0.000000370401962
   (2,4)      0.000000000003453
   (1,5)      0.000000212458737
   (2,5)      0.000000000003281
   (1,6)      0.000015186580395
   (2,6)      0.000000001024293
   (3,6)      0.000000000003068
   (1,7)      0.000074897314444
   (2,7)      0.000000036791930
   (3,7)      0.000000000017730
   (4,7)      0.000000000002757
   (1,8)      0.000176853575333
   (2,8)      0.000000227899096
   (3,8)      0.000000000339675
   (4,8)      0.000000000002455
   (1,9)      0.000048284527067
   (2,9)      0.000000025699219
   (3,9)      0.000000000011567
   (4,9)      0.000000000002091
   (1,10)     0.000149674228157
   (2,10)     0.000000221810076
   (3,10)     0.000000000738086
   (4,10)     0.000000000002653
   (1,11)     0.000164438943157
   (2,11)     0.000000691703226
   (3,11)     0.000000003855250
   (4,11)     0.000000000020405
   (5,11)     0.000000000001517
   (1,12)     0.000291914616704
   (2,12)     0.000001901511145
   (3,12)     0.000000010899448
   (4,12)     0.000000000081294
   (5,12)     0.000000000001494
   (1,13)     0.000149900771142
   (2,13)     0.000000855716124
   (3,13)     0.000000007400644
   (4,13)     0.000000000061945
   (5,13)     0.000000000001085
   (1,14)     0.000578981619999
   (2,14)     0.000008885221783
   (3,14)     0.000000149131447
   (4,14)     0.000000003091874
   (5,14)     0.000000000056036
   (6,14)     0.000000000001395
   (1,15)     0.000527157723814
   (2,15)     0.000010613816505
   (3,15)     0.000000220933592
   (4,15)     0.000000007805810
   (5,15)     0.000000000257790
   (6,15)     0.000000000009248
   (7,15)     0.000000000000596
   (1,16)     0.000470807502606
   (2,16)     0.000016865297820
   (3,16)     0.000000437279798
   (4,16)     0.000000016236362
   (5,16)     0.000000000417663
   (6,16)     0.000000000023779
   (7,16)     0.000000000000745
   (1,17)     0.000392788434955
   (2,17)     0.000016502822438
   (3,17)     0.000000444033958
   (4,17)     0.000000018476338
   (5,17)     0.000000001128609
   (6,17)     0.000000000063914
   (7,17)     0.000000000002244
   (1,18)     0.000315259796019
   (2,18)     0.000020953400962
   (3,18)     0.000000901183261
   (4,18)     0.000000066892009
   (5,18)     0.000000005174969
   (6,18)     0.000000000548251
   (7,18)     0.000000000046662
   (8,18)     0.000000000002207
   (1,19)     0.000210902608397
   (2,19)     0.000015248036896
   (3,19)     0.000000609881889
   (4,19)     0.000000042407321
   (5,19)     0.000000002452479
   (6,19)     0.000000000198135
   (7,19)     0.000000000014790
   (8,19)     0.000000000001269
   (1,20)     0.000161190282357
   (2,20)     0.000008777593724
   (3,20)     0.000000503960964
   (4,20)     0.000000040540461
   (5,20)     0.000000005134814
   (6,20)     0.000000000241338
   (7,20)     0.000000000026740
   (8,20)     0.000000000002715
   (1,21)     0.000097961303482
   (2,21)     0.000010768648074
   (3,21)     0.000000790837942
   (4,21)     0.000000045781838
   (5,21)     0.000000004388986
   (6,21)     0.000000000583439
   (7,21)     0.000000000046273
   (8,21)     0.000000000003590
   (1,22)     0.000047974852282
   (2,22)     0.000005262814495
   (3,22)     0.000000521576255
   (4,22)     0.000000025382654
   (5,22)     0.000000001009456
   (6,22)     0.000000000088357
   (7,22)     0.000000000006189
   (8,22)     0.000000000000618
   (1,23)     0.000023134520252
   (2,23)     0.000002045197316
   (3,23)     0.000000268606846
   (4,23)     0.000000018494169
   (5,23)     0.000000000746574
   (6,23)     0.000000000055584
   (7,23)     0.000000000004781
   (1,24)     0.000009469268199
   (2,24)     0.000000805917900
   (3,24)     0.000000091040728
   (4,24)     0.000000008481320
   (5,24)     0.000000000217915
   (6,24)     0.000000000018180
   (7,24)     0.000000000002373
   (1,25)     0.000002372785329
   (2,25)     0.000000246682916
   (3,25)     0.000000031126411
   (4,25)     0.000000003141994
   (5,25)     0.000000000389368
   (6,25)     0.000000000052731
   (7,25)     0.000000000005957
   (8,25)     0.000000000000638
   (1,26)     0.000000245289122
   (2,26)     0.000000035877345
   (3,26)     0.000000003650508
   (4,26)     0.000000000491499
   (5,26)     0.000000000108392
   (6,26)     0.000000000011221
   (7,26)     0.000000000001225
   (1,27)     0.000000017762862
   (2,27)     0.000000003201191
   (3,27)     0.000000000379669
   (4,27)     0.000000000050018
   (5,27)     0.000000000003602
   (1,28)     0.000000000000406
