exact resolution
newton--min gmres
Hmax = 0.07
meshdata(J).ne = 34592
effectivity indices = 

   (1,1)     44.396429581076781
   (2,1)     45.058140585147711
   (3,1)     45.180707648829028
   (4,1)     45.264313228276947
   (5,1)     45.288707943091431
   (6,1)     45.307056444388380
   (7,1)     45.312302885128794
   (8,1)     45.316588373135339
   (9,1)     45.317745667999574
  (10,1)     45.318634400850364
  (11,1)     45.318950905552022
  (12,1)     45.319132738872355
  (13,1)     45.319199532079040
  (14,1)     45.319240653162012
  (15,1)     45.319255184395757
  (16,1)     45.319264599955105
  (17,1)     45.319267942472571
  (18,1)     45.319270193620738
  (19,1)     45.319270928108963
  (20,1)     45.319271458757292
  (21,1)     45.319271614982988
  (22,1)     45.319271727201034
  (23,1)     45.319271764060794
  (24,1)     45.319271786345901
  (25,1)     45.319271793233277
  (26,1)     45.319271797516421
  (27,1)     45.319271798500914
  (28,1)     45.319271798905660
  (29,1)     45.319271798896423
  (30,1)     45.319271798679061
  (31,1)     45.319271798589057
  (32,1)     45.319271798393643
  (33,1)     45.319271798337120
  (34,1)     45.319271798235057
  (35,1)     45.319271798206074
  (36,1)     45.319271798150318
  (37,1)     45.319271798137756
  (38,1)     45.319271798113050
  (39,1)     45.319271798107486
  (40,1)     45.319271798097091
  (41,1)     45.319271798094590
  (42,1)     45.319271798090320
  (43,1)     45.319271798088977
  (44,1)     45.319271798087300
  (45,1)     45.319271798086675
  (46,1)     45.319271798085829
  (47,1)     45.319271798085595
  (48,1)     45.319271798085254
  (49,1)     45.319271798085033
  (50,1)     45.319271798084756
  (51,1)     45.319271798084756
  (52,1)     45.319271798084685
  (53,1)     45.319271798084564
  (54,1)     45.319271798084621
  (55,1)     45.319271798084401
   (1,2)     33.720673921126689
   (2,2)     33.720673907075437
   (1,3)     28.907213328388902
   (2,3)     28.907213579153243
   (1,4)     27.798511311439736
   (2,4)     27.798516622470363
   (1,5)     26.700651175536883
   (2,5)     26.700666091491208
   (1,6)     25.838800315389488
   (2,6)     25.836791823279359
   (3,6)     25.836791827141024
   (1,7)     25.202455991562726
   (2,7)     25.185560411455270
   (3,7)     25.185552263193717
   (4,7)     25.185552266517210
   (1,8)     26.047751101633999
   (2,8)     25.988939275309992
   (3,8)     25.988867820552407
   (4,8)     25.988867918168772
   (1,9)     26.229102638436991
   (2,9)     26.246264163292551
   (3,9)     26.246255652399480
   (4,9)     26.246255648531143
   (1,10)    26.662923035784587
   (2,10)    26.594718839174970
   (3,10)    26.594685952540217
   (4,10)    26.594685927986962
   (1,11)    27.035757785573431
   (2,11)    26.960998806933368
   (3,11)    26.961243811675818
   (4,11)    26.961243849825490
   (5,11)    26.961243856234013
   (1,12)    28.531571764173556
   (2,12)    28.721194396923323
   (3,12)    28.720113912467866
   (4,12)    28.720113847700755
   (5,12)    28.720113835485051
   (1,13)    28.221709321697908
   (2,13)    28.145698178715492
   (3,13)    28.146121321330121
   (4,13)    28.146120778455106
   (5,13)    28.146120807966234
   (1,14)    27.982718833754564
   (2,14)    28.850532162405536
   (3,14)    28.842445258488553
   (4,14)    28.842564158297169
   (5,14)    28.842564796728233
   (6,14)    28.842564842645004
   (1,15)    28.218126465683792
   (2,15)    29.234167523809710
   (3,15)    29.237345723056453
   (4,15)    29.237670174082183
   (5,15)    29.237670063214136
   (6,15)    29.237670310279608
   (7,15)    29.237670310240688
   (1,16)    29.298494665178591
   (2,16)    30.577036469462815
   (3,16)    30.596845604843619
   (4,16)    30.596098900095626
   (5,16)    30.596070000317741
   (6,16)    30.596069541117114
   (7,16)    30.596069510735163
   (1,17)    29.839969069237899
   (2,17)    31.357910036680689
   (3,17)    31.403244667271860
   (4,17)    31.402886446999496
   (5,17)    31.402864388446286
   (6,17)    31.402864869455197
   (7,17)    31.402864908002954
   (1,18)    30.672243175839167
   (2,18)    32.480019495084207
   (3,18)    32.442385800066972
   (4,18)    32.441374033985383
   (5,18)    32.441343091873044
   (6,18)    32.441344369795885
   (7,18)    32.441344646776699
   (8,18)    32.441344728159059
   (1,19)    30.717148924183000
   (2,19)    32.301840983732156
   (3,19)    32.246894136528368
   (4,19)    32.244881741020983
   (5,19)    32.244705333844827
   (6,19)    32.244700512582888
   (7,19)    32.244700116244807
   (8,19)    32.244700111434923
   (1,20)    29.413008491348474
   (2,20)    31.103467531295973
   (3,20)    31.070565050213727
   (4,20)    31.070251718469329
   (5,20)    31.070260444253751
   (6,20)    31.070271869722468
   (7,20)    31.070271704124654
   (8,20)    31.070271786616463
   (1,21)    20.153687012381798
   (2,21)    21.331466314370068
   (3,21)    21.269283247019327
   (4,21)    21.262127348999503
   (5,21)    21.261687296603121
   (6,21)    21.261655912659712
   (7,21)    21.261650551485765
   (8,21)    21.261650237193692
   (1,22)    12.246500117360473
   (2,22)    12.742436375412105
   (3,22)    12.709405393499130
   (4,22)    12.705307436718577
   (5,22)    12.705119508627089
   (6,22)    12.705115403166372
   (7,22)    12.705115053757895
   (8,22)    12.705115044305975
   (1,23)     6.688325183778284
   (2,23)     6.919341546712781
   (3,23)     6.904480769566378
   (4,23)     6.902111031746903
   (5,23)     6.901936588039661
   (6,23)     6.901939301400795
   (7,23)     6.901939628119480
   (1,24)     3.260582046057590
   (2,24)     3.335025988528334
   (3,24)     3.330902785951682
   (4,24)     3.330317137064324
   (5,24)     3.330246685106694
   (6,24)     3.330246904879621
   (7,24)     3.330246954168456
   (1,25)     1.480294473768965
   (2,25)     1.493062448480877
   (3,25)     1.492756257081480
   (4,25)     1.492815403610639
   (5,25)     1.492821422872674
   (6,25)     1.492823314994650
   (7,25)     1.492823322858997
   (8,25)     1.492823351468870
   (1,26)     1.090012087084975
   (2,26)     1.090912559499506
   (3,26)     1.090839903693923
   (4,26)     1.090829906527080
   (5,26)     1.090829688434335
   (6,26)     1.090829416919835
   (7,26)     1.090829377970471
   (1,27)     1.034283864003694
   (2,27)     1.034283611494339
   (3,27)     1.034283602710073
   (4,27)     1.034283602004373
   (5,27)     1.034283601506003
   (1,28)     1.034283601305594

number iterations = 
 
   (1,1)      0.011619476605201
   (2,1)      0.003464402883381
   (3,1)      0.001947635746069
   (4,1)      0.001357578262597
   (5,1)      0.000910019602311
   (6,1)      0.000640238042286
   (7,1)      0.000434053447683
   (8,1)      0.000295428334493
   (9,1)      0.000203758053071
  (10,1)      0.000143442108004
  (11,1)      0.000094622298597
  (12,1)      0.000066202643637
  (13,1)      0.000045986501937
  (14,1)      0.000031305556517
  (15,1)      0.000022085246615
  (16,1)      0.000015178887579
  (17,1)      0.000010744816251
  (18,1)      0.000007262688421
  (19,1)      0.000005096556713
  (20,1)      0.000003438083256
  (21,1)      0.000002408463251
  (22,1)      0.000001668200409
  (23,1)      0.000001135901028
  (24,1)      0.000000792931564
  (25,1)      0.000000556511715
  (26,1)      0.000000377441492
  (27,1)      0.000000260680289
  (28,1)      0.000000178950843
  (29,1)      0.000000117406495
  (30,1)      0.000000083108175
  (31,1)      0.000000053991675
  (32,1)      0.000000036648066
  (33,1)      0.000000023937741
  (34,1)      0.000000016610803
  (35,1)      0.000000010987342
  (36,1)      0.000000007287553
  (37,1)      0.000000004688837
  (38,1)      0.000000003239276
  (39,1)      0.000000002017127
  (40,1)      0.000000001406199
  (41,1)      0.000000000898245
  (42,1)      0.000000000614056
  (43,1)      0.000000000411463
  (44,1)      0.000000000287119
  (45,1)      0.000000000189658
  (46,1)      0.000000000131923
  (47,1)      0.000000000089584
  (48,1)      0.000000000061469
  (49,1)      0.000000000041759
  (50,1)      0.000000000027405
  (51,1)      0.000000000018531
  (52,1)      0.000000000012863
  (53,1)      0.000000000008724
  (54,1)      0.000000000006048
  (55,1)      0.000000000004060
  (1,2)      0.000000004015624
   (2,2)      0.000000000003742
   (1,3)      0.000000080986736
   (2,3)      0.000000000003582
   (1,4)      0.000000370401962
   (2,4)      0.000000000003453
   (1,5)      0.000000212458737
   (2,5)      0.000000000003281
   (1,6)      0.000015186580395
   (2,6)      0.000000001024293
   (3,6)      0.000000000003068
   (1,7)      0.000074897314444
   (2,7)      0.000000036791930
   (3,7)      0.000000000017730
   (4,7)      0.000000000002757
   (1,8)      0.000176853575333
   (2,8)      0.000000227899096
   (3,8)      0.000000000339675
   (4,8)      0.000000000002455
   (1,9)      0.000048284527067
   (2,9)      0.000000025699219
   (3,9)      0.000000000011567
   (4,9)      0.000000000002091
   (1,10)     0.000149674228157
   (2,10)     0.000000221810076
   (3,10)     0.000000000738086
   (4,10)     0.000000000002653
   (1,11)     0.000164438943157
   (2,11)     0.000000691703226
   (3,11)     0.000000003855250
   (4,11)     0.000000000020405
   (5,11)     0.000000000001517
   (1,12)     0.000291914616704
   (2,12)     0.000001901511145
   (3,12)     0.000000010899448
   (4,12)     0.000000000081294
   (5,12)     0.000000000001494
   (1,13)     0.000149900771142
   (2,13)     0.000000855716124
   (3,13)     0.000000007400644
   (4,13)     0.000000000061945
   (5,13)     0.000000000001085
   (1,14)     0.000578981619999
   (2,14)     0.000008885221783
   (3,14)     0.000000149131447
   (4,14)     0.000000003091874
   (5,14)     0.000000000056036
   (6,14)     0.000000000001395
   (1,15)     0.000527157723814
   (2,15)     0.000010613816505
   (3,15)     0.000000220933592
   (4,15)     0.000000007805810
   (5,15)     0.000000000257790
   (6,15)     0.000000000009248
   (7,15)     0.000000000000596
   (1,16)     0.000470807502606
   (2,16)     0.000016865297820
   (3,16)     0.000000437279798
   (4,16)     0.000000016236362
   (5,16)     0.000000000417663
   (6,16)     0.000000000023779
   (7,16)     0.000000000000745
   (1,17)     0.000392788434955
   (2,17)     0.000016502822438
   (3,17)     0.000000444033958
   (4,17)     0.000000018476338
   (5,17)     0.000000001128609
   (6,17)     0.000000000063914
   (7,17)     0.000000000002244
   (1,18)     0.000315259796019
   (2,18)     0.000020953400962
   (3,18)     0.000000901183261
   (4,18)     0.000000066892009
   (5,18)     0.000000005174969
   (6,18)     0.000000000548251
   (7,18)     0.000000000046662
   (8,18)     0.000000000002207
   (1,19)     0.000210902608397
   (2,19)     0.000015248036896
   (3,19)     0.000000609881889
   (4,19)     0.000000042407321
   (5,19)     0.000000002452479
   (6,19)     0.000000000198135
   (7,19)     0.000000000014790
   (8,19)     0.000000000001269
   (1,20)     0.000161190282357
   (2,20)     0.000008777593724
   (3,20)     0.000000503960964
   (4,20)     0.000000040540461
   (5,20)     0.000000005134814
   (6,20)     0.000000000241338
   (7,20)     0.000000000026740
   (8,20)     0.000000000002715
   (1,21)     0.000097961303482
   (2,21)     0.000010768648074
   (3,21)     0.000000790837942
   (4,21)     0.000000045781838
   (5,21)     0.000000004388986
   (6,21)     0.000000000583439
   (7,21)     0.000000000046273
   (8,21)     0.000000000003590
   (1,22)     0.000047974852282
   (2,22)     0.000005262814495
   (3,22)     0.000000521576255
   (4,22)     0.000000025382654
   (5,22)     0.000000001009456
   (6,22)     0.000000000088357
   (7,22)     0.000000000006189
   (8,22)     0.000000000000618
   (1,23)     0.000023134520252
   (2,23)     0.000002045197316
   (3,23)     0.000000268606846
   (4,23)     0.000000018494169
   (5,23)     0.000000000746574
   (6,23)     0.000000000055584
   (7,23)     0.000000000004781
   (1,24)     0.000009469268199
   (2,24)     0.000000805917900
   (3,24)     0.000000091040728
   (4,24)     0.000000008481320
   (5,24)     0.000000000217915
   (6,24)     0.000000000018180
   (7,24)     0.000000000002373
   (1,25)     0.000002372785329
   (2,25)     0.000000246682916
   (3,25)     0.000000031126411
   (4,25)     0.000000003141994
   (5,25)     0.000000000389368
   (6,25)     0.000000000052731
   (7,25)     0.000000000005957
   (8,25)     0.000000000000638
   (1,26)     0.000000245289122
   (2,26)     0.000000035877345
   (3,26)     0.000000003650508
   (4,26)     0.000000000491499
   (5,26)     0.000000000108392
   (6,26)     0.000000000011221
   (7,26)     0.000000000001225
   (1,27)     0.000000017762862
   (2,27)     0.000000003201191
   (3,27)     0.000000000379669
   (4,27)     0.000000000050018
   (5,27)     0.000000000003602
   (1,28)     0.000000000000406

exact resolution
newton--min gmres
Hmax = 0.08
meshdata(J).ne = 27328
effectivity indices = 
   (1,1)     36.647184014769266
   (2,1)     37.140518608783964
   (3,1)     37.271781741226143
   (4,1)     37.346741027919343
   (5,1)     37.369279637661791
   (6,1)     37.382516142070720
   (7,1)     37.386835827848813
   (8,1)     37.389305504318934
   (9,1)     37.390152900213160
  (10,1)     37.390622003210659
  (11,1)     37.390793761370823
  (12,1)     37.390882116853085
  (13,1)     37.390914820825223
  (14,1)     37.390931435852472
  (15,1)     37.390937957870172
  (16,1)     37.390941306382693
  (17,1)     37.390942720992925
  (18,1)     37.390943365494429
  (19,1)     37.390943671374480
  (20,1)     37.390943808662136
  (21,1)     37.390943879437224
  (22,1)     37.390943913253842
  (23,1)     37.390943932316283
  (24,1)     37.390943940587299
  (25,1)     37.390943947009802
  (26,1)     37.390943949613529
  (27,1)     37.390943951957674
  (28,1)     37.390943952898326
  (29,1)     37.390943953889902
  (30,1)     37.390943954263101
  (31,1)     37.390943954732563
  (32,1)     37.390943954875105
  (33,1)     37.390943955070860
  (34,1)     37.390943955131213
  (35,1)     37.390943955218795
  (36,1)     37.390943955243820
  (37,1)     37.390943955280100
  (38,1)     37.390943955291014
  (39,1)     37.390943955308138
  (40,1)     37.390943955312451
  (41,1)     37.390943955319173
  (42,1)     37.390943955321255
  (43,1)     37.390943955324033
  (44,1)     37.390943955325014
  (45,1)     37.390943955326165
  (46,1)     37.390943955326563
  (47,1)     37.390943955327089
  (48,1)     37.390943955327216
  (49,1)     37.390943955327309
  (50,1)     37.390943955327501
  (51,1)     37.390943955327671
  (52,1)     37.390943955327614
   (1,2)     28.297204436767053
   (2,2)     28.297204436894908
   (1,3)     24.668769470406634
   (2,3)     24.668769375179195
   (1,4)     23.658721607402139
   (2,4)     23.658719616312194
   (1,5)     23.366746274105360
   (2,5)     23.366745239570175
   (1,6)     22.921439196856248
   (2,6)     22.920499931323914
   (3,6)     22.920499950493255
   (1,7)     22.720226489070456
   (2,7)     22.709692557826219
   (3,7)     22.709688898129844
   (4,7)     22.709688899329542
   (1,8)     23.498191146467647
   (2,8)     23.480515934903824
   (3,8)     23.480508564213768
   (4,8)     23.480508567068426
   (1,9)     24.185094699479098
   (2,9)     24.197079900682542
   (3,9)     24.197075399883825
   (1,10)    24.711823311505533
   (2,10)    24.605477692656912
   (3,10)    24.605136094168508
   (4,10)    24.605136652986136
   (1,11)    25.200613516467957
   (2,11)    25.117363995578838
   (3,11)    25.117259890898943
   (4,11)    25.117260564933250
   (5,11)    25.117260564933854
   (1,12)    26.097312565800131
   (2,12)    26.184687277757465
   (3,12)    26.184636982252989
   (4,12)    26.184638287913341
   (5,12)    26.184638287035458
   (1,13)    26.472827226437374
   (2,13)    26.510580657186871
   (3,13)    26.510989482126892
   (4,13)    26.510990676168088
   (5,13)    26.510990685298939
   (1,14)    26.799133960152940
   (2,14)    27.462091036989428
   (3,14)    27.457951905943212
   (4,14)    27.457947191159491
   (5,14)    27.457947520502390
   (6,14)    27.457947534404401
   (1,15)    27.480362806125914
   (2,15)    28.277608556640299
   (3,15)    28.282478033645788
   (4,15)    28.282633022015510
   (5,15)    28.282635013648846
   (6,15)    28.282635072026213
   (1,16)    28.897419484806392
   (2,16)    29.893490210782268
   (3,16)    29.915509142097712
   (4,16)    29.915498309569031
   (5,16)    29.915501264645073
   (6,16)    29.915501549426956
   (1,17)    28.908395303483896
   (2,17)    29.764608928276960
   (3,17)    29.791561822210127
   (4,17)    29.791049980760743
   (5,17)    29.791022547047511
   (6,17)    29.791022032042736
   (7,17)    29.791021992163568
   (1,18)    24.637246615270239
   (2,18)    25.489655991089059
   (3,18)    25.503456962645842
   (4,18)    25.503761889774694
   (5,18)    25.503744230684919
   (6,18)    25.503742844724801
   (7,18)    25.503742736801385
   (1,19)    17.080432989734707
   (2,19)    17.659881195190433
   (3,19)    17.637827703106304
   (4,19)    17.638571216041829
   (5,19)    17.638596591768476
   (6,19)    17.638598291330478
   (7,19)    17.638598413988134
   (1,20)    11.200176399084828
   (2,20)    11.436364596079143
   (3,20)    11.425092134207423
   (4,20)    11.425236463515864
   (5,20)    11.425211958894099
   (6,20)    11.425213460004811
   (7,20)    11.425213616067566
   (1,21)     4.930865128518180
   (2,21)     5.010477853356405
   (3,21)     5.007063300611445
   (4,21)     5.007161677092847
   (5,21)     5.007158147763777
   (6,21)     5.007159845245360
   (7,21)     5.007159865589099
   (1,22)     1.660931615081070
   (2,22)     1.681987246457272
   (3,22)     1.681194608590591
   (4,22)     1.681199348840769
   (5,22)     1.681198437308971
   (6,22)     1.681198602466942
   (7,22)     1.681198604153897
   (1,23)     1.047620998376458
   (2,23)     1.048080508757665
   (3,23)     1.048061579324927
   (4,23)     1.048061427554995
   (5,23)     1.048061369638741
   (6,23)     1.048061370712749
   (1,24)     1.033968163970101
   (2,24)     1.033968132131703
   (3,24)     1.033968120211199
   (4,24)     1.033968118974588
   (1,25)     1.033968118886342


number_iterations = 
   (1,1)      0.011331914408602
   (2,1)      0.003503879752434
   (3,1)      0.002208445066532
   (4,1)      0.001442225226800
   (5,1)      0.000938850955032
   (6,1)      0.000624219809548
   (7,1)      0.000409667701059
   (8,1)      0.000273761052308
   (9,1)      0.000180304664595
  (10,1)      0.000119879071533
  (11,1)      0.000079364469389
  (12,1)      0.000051989611483
  (13,1)      0.000034820543427
  (14,1)      0.000022895153513
  (15,1)      0.000015522351156
  (16,1)      0.000010184739409
  (17,1)      0.000006739760008
  (18,1)      0.000004515783825
  (19,1)      0.000003012223163
  (20,1)      0.000001994374185
  (21,1)      0.000001358509172
  (22,1)      0.000000896300149
  (23,1)      0.000000597141267
  (24,1)      0.000000399646162
  (25,1)      0.000000268341227
  (26,1)      0.000000179575393
  (27,1)      0.000000121775249
  (28,1)      0.000000081681299
  (29,1)      0.000000054767844
  (30,1)      0.000000037394895
  (31,1)      0.000000023507028
  (32,1)      0.000000015940817
  (33,1)      0.000000010757990
  (34,1)      0.000000006962533
  (35,1)      0.000000004561608
  (36,1)      0.000000002973595
  (37,1)      0.000000001994041
  (38,1)      0.000000001307551
  (39,1)      0.000000000865990
  (40,1)      0.000000000539315
  (41,1)      0.000000000368626
  (42,1)      0.000000000231869
  (43,1)      0.000000000158338
  (44,1)      0.000000000101881
  (45,1)      0.000000000069770
  (46,1)      0.000000000045141
  (47,1)      0.000000000031101
  (48,1)      0.000000000019974
  (49,1)      0.000000000013876
  (50,1)      0.000000000008873
  (51,1)      0.000000000006036
  (52,1)      0.000000000004114
   (1,2)      0.000000000240320
   (2,2)      0.000000000003034
   (1,3)      0.000000013272935
   (2,3)      0.000000000002797
   (1,4)      0.000000220393816
   (2,4)      0.000000000002653
   (1,5)      0.000000062598321
   (2,5)      0.000000000002494
   (1,6)      0.000008292864108
   (2,6)      0.000000000328231
   (3,6)      0.000000000002303
   (1,7)      0.000049699400171
   (2,7)      0.000000016807691
   (3,7)      0.000000000006420
   (4,7)      0.000000000002045
   (1,8)      0.000057817484394
   (2,8)      0.000000024108923
   (3,8)      0.000000000011784
   (4,8)      0.000000000001791
   (1,9)      0.000035082607915
   (2,9)      0.000000013621485
   (3,9)      0.000000000004958
   (1,10)     0.000192386497509
   (2,10)     0.000000562526565
   (3,10)     0.000000001406120
   (4,10)     0.000000000004598
   (1,11)     0.000143868208526
   (2,11)     0.000000494381486
   (3,11)     0.000000002589107
   (4,11)     0.000000000006923
   (5,11)     0.000000000001101
   (1,12)     0.000150891396797
   (2,12)     0.000000702970631
   (3,12)     0.000000004817648
   (4,12)     0.000000000029196
   (5,12)     0.000000000000897
   (1,13)     0.000107284514464
   (2,13)     0.000000583009470
   (3,13)     0.000000006450889
   (4,13)     0.000000000039440
   (5,13)     0.000000000000718
   (1,14)     0.000422929958346
   (2,14)     0.000004647663410
   (3,14)     0.000000062584398
   (4,14)     0.000000001072042
   (5,14)     0.000000000022294
   (6,14)     0.000000000000711
   (1,15)     0.000375431164344
   (2,15)     0.000005273413440
   (3,15)     0.000000114777473
   (4,15)     0.000000002865504
   (5,15)     0.000000000066398
   (6,15)     0.000000000002380
   (1,16)     0.000313784191667
   (2,16)     0.000009502428255
   (3,16)     0.000000116524896
   (4,16)     0.000000004078424
   (5,16)     0.000000000131512
   (6,16)     0.000000000004396
   (1,17)     0.000199651565466
   (2,17)     0.000006633820798
   (3,17)     0.000000141264984
   (4,17)     0.000000006190968
   (5,17)     0.000000000224457
   (6,17)     0.000000000012122
   (7,17)     0.000000000000735
   (1,18)     0.000155827041871
   (2,18)     0.000006065916101
   (3,18)     0.000000275379821
   (4,18)     0.000000010157906
   (5,18)     0.000000000629851
   (6,18)     0.000000000036188
   (7,18)     0.000000000001998
   (1,19)     0.000094715292301
   (2,19)     0.000004594213183
   (3,19)     0.000000264826536
   (4,19)     0.000000009061243
   (5,19)     0.000000000726738
   (6,19)     0.000000000040087
   (7,19)     0.000000000002076
   (1,20)     0.000043175284632
   (2,20)     0.000002695548895
   (3,20)     0.000000146580217
   (4,20)     0.000000012043497
   (5,20)     0.000000000485907
   (6,20)     0.000000000037360
   (7,20)     0.000000000001174
   (1,21)     0.000018155987396
   (2,21)     0.000001333064186
   (3,21)     0.000000081988148
   (4,21)     0.000000008293821
   (5,21)     0.000000000817488
   (6,21)     0.000000000038000
   (7,21)     0.000000000002596
   (1,22)     0.000006658040712
   (2,22)     0.000000453187541
   (3,22)     0.000000028161581
   (4,22)     0.000000002597949
   (5,22)     0.000000000152362
   (6,22)     0.000000000014369
   (7,22)     0.000000000001358
   (1,23)     0.000000789228473
   (2,23)     0.000000038827240
   (3,23)     0.000000002261166
   (4,23)     0.000000000189982
   (5,23)     0.000000000020035
   (6,23)     0.000000000001313
   (1,24)     0.000000008926505
   (2,24)     0.000000000633722
   (3,24)     0.000000000032162
   (4,24)     0.000000000002553
   (1,25)     0.000000000000174



exact resolution
newton--min gmres
Hmax = 0.1
meshdata(J).ne = 16832
effectivity indices =

   (1,1)     30.378944621310662
   (2,1)     30.703644990269986
   (3,1)     30.835520013077257
   (4,1)     30.838759260905331
   (5,1)     30.840124752004265
   (6,1)     30.840164147569915
   (7,1)     30.840185880253728
   (8,1)     30.840186593914030
   (9,1)     30.840187471048470
  (10,1)     30.840187500481502
  (11,1)     30.840187575524823
  (12,1)     30.840187581725747
  (13,1)     30.840187595372321
  (14,1)     30.840187596769088
  (15,1)     30.840187599580542
  (16,1)     30.840187599847077
  (17,1)     30.840187600517940
  (18,1)     30.840187600580236
  (19,1)     30.840187600716646
  (20,1)     30.840187600731312
  (21,1)     30.840187600763326
  (22,1)     30.840187600766626
  (23,1)     30.840187600774268
  (24,1)     30.840187600774833
  (25,1)     30.840187600776595
  (26,1)     30.840187600776609
  (27,1)     30.840187600776861
   (1,2)     23.714706444746646
   (2,2)     23.714706444885032
   (1,3)     20.982665400020821
   (2,3)     20.982665194085648
   (1,4)     20.714008012607582
   (2,4)     20.714005221914892
   (1,5)     20.669037143781264
   (2,5)     20.669044560337692
   (1,6)     20.512636225707308
   (2,6)     20.509055525054897
   (3,6)     20.509055139818837
   (1,7)     20.570280067266964
   (2,7)     20.558970356010164
   (3,7)     20.558967616481226
   (1,8)     21.677548876745792
   (2,8)     21.668564651771483
   (3,8)     21.668565081686396
   (1,9)     22.530960960541588
   (2,9)     22.534036932245328
   (3,9)     22.534036937706755
   (1,10)    23.389483906557803
   (2,10)    23.259076144069574
   (3,10)    23.258471076399566
   (4,10)    23.258473186384368
   (1,11)    24.012187189866864
   (2,11)    23.963736094772127
   (3,11)    23.964102355620820
   (4,11)    23.964101488687700
   (5,11)    23.964101498357238
   (1,12)    24.703562338279735
   (2,12)    24.921124384614238
   (3,12)    24.919942254389316
   (4,12)    24.919942907992308
   (5,12)    24.919942907217184
   (1,13)    24.014187562717630
   (2,13)    24.179777379524971
   (3,13)    24.179066228375902
   (4,13)    24.179066112846609
   (5,13)    24.179066143913076
   (1,14)    20.488338488518835
   (2,14)    20.838816587076906
   (3,14)    20.839446240054535
   (4,14)    20.839492277449843
   (5,14)    20.839492408076321
   (6,14)    20.839492418317583
   (1,15)    13.865665521241890
   (2,15)    14.119277055049212
   (3,15)    14.121744139807340
   (4,15)    14.121789752712441
   (5,15)    14.121789966650127
   (6,15)    14.121789983123797
   (1,16)     7.614519067629660
   (2,16)     7.717423676931182
   (3,16)     7.719241525470272
   (4,16)     7.719269831953817
   (5,16)     7.719269940364054
   (6,16)     7.719269968959193
   (1,17)     3.003913551865464
   (2,17)     3.031727131462991
   (3,17)     3.032438954530580
   (4,17)     3.032441689323789
   (5,17)     3.032441467294661
   (1,18)     1.381870270214179
   (2,18)     1.386065288135956
   (3,18)     1.386226411186417
   (4,18)     1.386226427966163
   (5,18)     1.386226438734593
   (1,19)     1.033922681993035
   (2,19)     1.033919534068016
   (3,19)     1.033919339001298
   (4,19)     1.033919331866566
   (5,19)     1.033919331683899


number_iterations=
(1,1)      0.011308871291096
   (2,1)      0.003232472849936
   (3,1)      0.001042509460724
   (4,1)      0.000328395673068
   (5,1)      0.000115848505670
   (6,1)      0.000039865218981
   (7,1)      0.000015535059936
   (8,1)      0.000006177701673
   (9,1)      0.000002459513163
  (10,1)      0.000001025271212
  (11,1)      0.000000484199855
  (12,1)      0.000000218224921
  (13,1)      0.000000105729781
  (14,1)      0.000000047500884
  (15,1)      0.000000023188652
  (16,1)      0.000000011032018
  (17,1)      0.000000005051913
  (18,1)      0.000000002342066
  (19,1)      0.000000001165593
  (20,1)      0.000000000545005
  (21,1)      0.000000000278113
  (22,1)      0.000000000123692
  (23,1)      0.000000000057867
  (24,1)      0.000000000025849
  (25,1)      0.000000000013269
  (26,1)      0.000000000005955
  (27,1)      0.000000000002981
   (1,2)      0.000000000236828
   (2,2)      0.000000000001476
   (1,3)      0.000000018818709
   (2,3)      0.000000000001324
   (1,4)      0.000000254178121
   (2,4)      0.000000000001250
   (1,5)      0.000000125333633
   (2,5)      0.000000000001097
   (1,6)      0.000024041345746
   (2,6)      0.000000002525212
   (3,6)      0.000000000001005
   (1,7)      0.000052768522734
   (2,7)      0.000000012983452
   (3,7)      0.000000000004630
   (1,8)      0.000032830295309
   (2,8)      0.000000011314553
   (3,8)      0.000000000004451
   (1,9)      0.000013227268771
   (2,9)      0.000000001599926
   (3,9)      0.000000000000624
   (1,10)     0.000182020646772
   (2,10)     0.000000737394967
   (3,10)     0.000000002963838
   (4,10)     0.000000000004378
   (1,11)     0.000108974101282
   (2,11)     0.000000727711129
   (3,11)     0.000000003558549
   (4,11)     0.000000000020984
   (5,11)     0.000000000000290
   (1,12)     0.000181707574853
   (2,12)     0.000001207085647
   (3,12)     0.000000006142371
   (4,12)     0.000000000059745
   (5,12)     0.000000000000628
   (1,13)     0.000084634311444
   (2,13)     0.000000653719486
   (3,13)     0.000000005676618
   (4,13)     0.000000000050946
   (5,13)     0.000000000000626
   (1,14)     0.000139260810073
   (2,14)     0.000001325109400
   (3,14)     0.000000021030969
   (4,14)     0.000000000324564
   (5,14)     0.000000000006020
   (6,14)     0.000000000000146
   (1,15)     0.000098804703452
   (2,15)     0.000001436343608
   (3,15)     0.000000018823512
   (4,15)     0.000000000420538
   (5,15)     0.000000000009147
   (6,15)     0.000000000000266
   (1,16)     0.000044299006507
   (2,16)     0.000001085361240
   (3,16)     0.000000014191770
   (4,16)     0.000000000445476
   (5,16)     0.000000000013394
   (6,16)     0.000000000000475
   (1,17)     0.000015586271647
   (2,17)     0.000000413951223
   (3,17)     0.000000007033819
   (4,17)     0.000000000193425
   (5,17)     0.000000000004778
   (1,18)     0.000003531161382
   (2,18)     0.000000121248513
   (3,18)     0.000000002045026
   (4,18)     0.000000000046104
   (5,18)     0.000000000002015
   (1,19)     0.000000399741375
   (2,19)     0.000000009224726
   (3,19)     0.000000000257688
   (4,19)     0.000000000006533
   (5,19)     0.000000000000263



shape estimators as functions of Newton steps

rel_lin_res_newton =

   1.0e+04 *

   (1,1)      3.488311748078257
   (1,2)      1.687345382776301
   (1,3)      1.074340490333510
   (1,4)      0.849530002519331
   (1,5)      0.693883793188828
   (1,6)      0.545485304610384
   (1,7)      0.429470109979475
   (1,8)      0.366016147692513
   (1,9)      0.288321359889139
   (1,10)     0.218394718010267
   (1,11)     0.162595559610849
   (1,12)     0.124134146880745
   (1,13)     0.084430428410215
   (1,14)     0.055227726919390
   (1,15)     0.031711622272047
   (1,16)     0.017282545203165
   (1,17)     0.004993728916080
   (1,18)     0.000920120882415
   (1,19)     0.000000000000001


value_end_gmres_disc =

   (1,1)      0.205429443282644
   (1,2)      0.101742551800268
   (1,3)      0.066330820356068
   (1,4)      0.047290137698472
   (1,5)      0.034643079971646
   (1,6)      0.028148999224645
   (1,7)      0.023335892110128
   (1,8)      0.019690876054943
   (1,9)      0.015854562936295
   (1,10)     0.013541507606816
   (1,11)     0.011844314070232
   (1,12)     0.010754503433897
   (1,13)     0.009818515425181
   (1,14)     0.009312825178937
   (1,15)     0.009027969906899
   (1,16)     0.008856441088825
   (1,17)     0.008787966355137
   (1,18)     0.008768222790250
   (1,19)     0.008766016180426



value_end_gmres_lin =

   (1,1)     17.304196638275723
   (1,2)      8.316462319736859
   (1,3)      5.251707930645849
   (1,4)      3.873344110512059
   (1,5)      3.039109267662135
   (1,6)      2.370450713941701
   (1,7)      1.850725646996893
   (1,8)      1.488285304143698
   (1,9)      1.162939583666288
   (1,10)     0.885506845729338
   (1,11)     0.658857489302635
   (1,12)     0.485478409886814
   (1,13)     0.329155099274331
   (1,14)     0.208950784266718
   (1,15)     0.114960200725941
   (1,16)     0.055166420144457
   (1,17)     0.016263347912975
   (1,18)     0.002864408778402
   (1,19)     0.000000027151115




value_end_gmres_alg =

   1.0e-10 *

   (1,1)      0.358039271948800
   (1,2)      0.255573979656503
   (1,3)      0.235349481006901
   (1,4)      0.216696552420737
   (1,5)      0.195788626300299
   (1,6)      0.170261151201891
   (1,7)      0.185321284583313
   (1,8)      0.163256461817672
   (1,9)      0.094400235253244
   (1,10)     0.180740998442510
   (1,11)     0.047820520336730
   (1,12)     0.040327833987304
   (1,13)     0.027838792185275
   (1,14)     0.012214545180165
   (1,15)     0.013458161299298
   (1,16)     0.022631949230140
   (1,17)     0.249323331986460
   (1,18)     0.104530243801713
   (1,19)     0.011736618224757





value_end_gmres_tot =

   (1,1)     17.509626081594170
   (1,2)      8.418204871562684
   (1,3)      5.318038751025452
   (1,4)      3.920634248232201
   (1,5)      3.073752347653361
   (1,6)      2.398599713183371
   (1,7)      1.874061539125552
   (1,8)      1.507976180214967
   (1,9)      1.178794146612023
   (1,10)     0.899048353354228
   (1,11)     0.670701803377649
   (1,12)     0.496232913324743
   (1,13)     0.338973614702296
   (1,14)     0.218263609446876
   (1,15)     0.123988170634186
   (1,16)     0.064022861235545
   (1,17)     0.025051314293044
   (1,18)     0.011632631579105
   (1,19)     0.008766043332714



exact resolution
newton--min gmres
Hmax = 0.15
meshdata(J).ne = 7840
effectivity indices =
(1,1)     23.539683527288570
   (2,1)     23.816772704201615
   (3,1)     23.824684233951000
   (4,1)     23.825871325480957
   (5,1)     23.825904425152615
   (6,1)     23.825909884148441
   (7,1)     23.825910176773892
   (8,1)     23.825910245194187
   (9,1)     23.825910256537366
  (10,1)     23.825910259944855
  (11,1)     23.825910260609362
  (12,1)     23.825910260837531
  (13,1)     23.825910260876466
  (14,1)     23.825910260892133
  (15,1)     23.825910260894105
  (16,1)     23.825910260895093
  (17,1)     23.825910260895146
   (1,2)     18.788016486188518
   (2,2)     18.788016486073431
   (1,3)     17.024060993248966
   (2,3)     17.024060924479453
   (1,4)     16.861950164848764
   (2,4)     16.861951386408023
   (1,5)     16.753599182238126
   (2,5)     16.753608812166355
   (1,6)     17.136280112425943
   (2,6)     17.133660740149431
   (3,6)     17.133660585187481
   (1,7)     17.599490195757166
   (2,7)     17.592566607135645
   (3,7)     17.592565445990012
   (1,8)     18.406288293147760
   (2,8)     18.392264051895875
   (3,8)     18.392258332973693
   (4,8)     18.392258333616727
   (1,9)     17.251883269118139
   (2,9)     17.230982185756229
   (3,9)     17.230952700601676
   (4,9)     17.230952747852371
   (1,10)    13.808325901288983
   (2,10)    13.771048399704561
   (3,10)    13.771104079040844
   (4,10)    13.771103969179634
   (1,11)     9.278896493566968
   (2,11)     9.260487538605240
   (3,11)     9.260517705877113
   (4,11)     9.260517621133397
   (1,12)     5.735525350603124
   (2,12)     5.732353661442675
   (3,12)     5.732365055253960
   (4,12)     5.732365038898595
   (1,13)     2.048536351641298
   (2,13)     2.044691308797121
   (3,13)     2.044645692849004
   (4,13)     2.044645760742498
   (1,14)     1.055911726105638
   (2,14)     1.055782013537779
   (3,14)     1.055781356261875
   (4,14)     1.055781355257422
   (1,15)     1.035321485589187
   (2,15)     1.035321446461811
   (3,15)     1.035321446164196


number_iterations=
(1,1)      0.008771266485246
   (2,1)      0.002315476263916
   (3,1)      0.000574978709083
   (4,1)      0.000154918138701
   (5,1)      0.000035305904294
   (6,1)      0.000009529493165
   (7,1)      0.000002258701202
   (8,1)      0.000000607473704
   (9,1)      0.000000149258133
  (10,1)      0.000000039217392
  (11,1)      0.000000009810723
  (12,1)      0.000000002503678
  (13,1)      0.000000000617964
  (14,1)      0.000000000149123
  (15,1)      0.000000000035180
  (16,1)      0.000000000009294
  (17,1)      0.000000000002241
   (1,2)      0.000000000157532
   (2,2)      0.000000000000618
   (1,3)      0.000000012495436
   (2,3)      0.000000000000382
   (1,4)      0.000000151637652
   (2,4)      0.000000000000288
   (1,5)      0.000000132018241
   (2,5)      0.000000000000223
   (1,6)      0.000016331629584
   (2,6)      0.000000001026830
   (3,6)      0.000000000000185
   (1,7)      0.000028062032005
   (2,7)      0.000000005600370
   (3,7)      0.000000000001234
   (1,8)      0.000033074862835
   (2,8)      0.000000014777057
   (3,8)      0.000000000008095
   (4,8)      0.000000000000075
   (1,9)      0.000034726096760
   (2,9)      0.000000052150269
   (3,9)      0.000000000082567
   (4,9)      0.000000000000072
   (1,10)     0.000041512059522
   (2,10)     0.000000086045717
   (3,10)     0.000000000263866
   (4,10)     0.000000000000728
   (1,11)     0.000024227715216
   (2,11)     0.000000100611914
   (3,11)     0.000000000278678
   (4,11)     0.000000000001157
   (1,12)     0.000008600135357
   (2,12)     0.000000029252128
   (3,12)     0.000000000091998
   (4,12)     0.000000000000358
   (1,13)     0.000007508417202
   (2,13)     0.000000071955489
   (3,13)     0.000000000200338
   (4,13)     0.000000000000515
   (1,14)     0.000000966618459
   (2,14)     0.000000006075865
   (3,14)     0.000000000025813
   (4,14)     0.000000000000205
   (1,15)     0.000000005476469
   (2,15)     0.000000000009570
   (3,15)     0.000000000000032



rel_lin_res_newton =

   1.0e+04 *

   (1,1)      1.177526217630591
   (1,2)      0.556749539010709
   (1,3)      0.342836532001684
   (1,4)      0.248928467318776
   (1,5)      0.173656149668582
   (1,6)      0.123325303794845
   (1,7)      0.085829124863142
   (1,8)      0.061774167623153
   (1,9)      0.039118520481852
   (1,10)     0.024322978856299
   (1,11)     0.014298402069806
   (1,12)     0.008072959980704
   (1,13)     0.001453800048043
   (1,14)     0.000043020277347
   (1,15)     0.000000000000000


value_end_gmres_disc =

   (1,1)      0.176127599915392
   (1,2)      0.086427896081790
   (1,3)      0.055445447445538
   (1,4)      0.039192401480775
   (1,5)      0.028743210655679
   (1,6)      0.022990095496040
   (1,7)      0.019149394386762
   (1,8)      0.016938435216614
   (1,9)      0.014739748788504
   (1,10)     0.013883724201250
   (1,11)     0.013347398548813
   (1,12)     0.013196591530241
   (1,13)     0.013021615283823
   (1,14)     0.013008557484550
   (1,15)     0.013008474075279

value_end_gmres_lin =

   (1,1)     10.986025106081868
   (1,2)      5.153482423532291
   (1,3)      3.138849163802958
   (1,4)      2.156560643947139
   (1,5)      1.499494592637408
   (1,6)      1.057416276791112
   (1,7)      0.727943363161017
   (1,8)      0.496453154968394
   (1,9)      0.304089043183041
   (1,10)     0.182404304222676
   (1,11)     0.103570119806844
   (1,12)     0.056647698456006
   (1,13)     0.011980480619779
   (1,14)     0.000242815004974
   (1,15)     0.000000011415312



value_end_gmres_alg =

   1.0e-10 *

   (1,1)      0.210185557364373
   (1,2)      0.045531167009323
   (1,3)      0.034920553684296
   (1,4)      0.028763447170233
   (1,5)      0.023367956892173
   (1,6)      0.017847687178419
   (1,7)      0.029320173478736
   (1,8)      0.008184928914659
   (1,9)      0.004779130441996
   (1,10)     0.018270412732795
   (1,11)     0.029044010462308
   (1,12)     0.010351755244054
   (1,13)     0.014157798369257
   (1,14)     0.006269882591239
   (1,15)     0.000886360312916


value_end_gmres_tot =

   (1,1)     11.162152706018279
   (1,2)      5.239910319618635
   (1,3)      3.194294611251988
   (1,4)      2.195753045430790
   (1,5)      1.528237803295423
   (1,6)      1.080406372288937
   (1,7)      0.747092757550711
   (1,8)      0.513391590185827
   (1,9)      0.318828791972023
   (1,10)     0.196288028425753
   (1,11)     0.116917518358562
   (1,12)     0.069844289987283
   (1,13)     0.025002095905018
   (1,14)     0.013251372490151
   (1,15)     0.013008485490680


adapt inexact resolution
newton--min gmres
Hmax = 0.15
meshdata(J).ne = 7840
effectivity indices =
   (1,1)     23.230249417683329
   (1,2)     17.886745311929953
   (1,3)     15.638145147207849
   (1,4)     14.632097958890554
   (1,5)     13.404799701691610
   (1,6)     11.988876548510113
   (1,7)     10.175254878623981
   (1,8)      8.212678808893571
   (1,9)      6.085914654821219
   (1,10)     4.205895350474872
   (1,11)     2.923195355089447
   (2,11)     3.210663868954639
   (3,11)     7.031263712219783
   (1,12)     4.407960949363293
   (1,13)     1.765885105898079
   (2,13)     1.828974052403553
   (3,13)     2.011235848101382
   (1,14)     1.052997488301955

number_iterations =
   (1,1)      0.018940062850461
   (1,2)      0.012590726160441
   (1,3)      0.010427782724739
   (1,4)      0.008938280779289
   (1,5)      0.007670347925457
   (1,6)      0.006906533723384
   (1,7)      0.006273100574076
   (1,8)      0.005794195604220
   (1,9)      0.005248095801031
   (1,10)     0.004929293144394
   (1,11)     0.004628090816775
   (2,11)     0.004155966968585
   (3,11)     0.001213191450797
   (1,12)     0.001088412541259
   (1,13)     0.000961413166088
   (2,13)     0.000832636020030
   (3,13)     0.000343538490462
   (1,14)     0.000285384235062

shape of estimators as functions of Newton steps
value_end_gmres_disc =

   (1,1)      0.176187134720094
   (1,2)      0.086390124050152
   (1,3)      0.055385174635903
   (1,4)      0.039150251838623
   (1,5)      0.028542808782409
   (1,6)      0.022765081612997
   (1,7)      0.018864393484152
   (1,8)      0.016606436443967
   (1,9)      0.014431367512138
   (1,10)     0.013600206174208
   (1,11)     0.013292121231063
   (1,12)     0.013154714723869
   (1,13)     0.012996913019443
   (1,14)     0.012988825349569

K>> value_end_gmres_lin

value_end_gmres_lin =

   (1,1)     10.986356587856363
   (1,2)      5.153901443127986
   (1,3)      3.139740974892376
   (1,4)      2.158155959228999
   (1,5)      1.500688759977703
   (1,6)      1.057737509914418
   (1,7)      0.726228314338418
   (1,8)      0.490216515070473
   (1,9)      0.304285446634192
   (1,10)     0.177678933524783
   (1,11)     0.103900939188303
   (1,12)     0.055697776889368
   (1,13)     0.012098905382667
   (1,14)     0.000431413752115

K>> value_end_gmres_alg

value_end_gmres_alg =

   (1,1)      0.113455112478699
   (1,2)      0.097643630035601
   (1,3)      0.088577555984053
   (1,4)      0.081584515187859
   (1,5)      0.074790154248364
   (1,6)      0.069963578408746
   (1,7)      0.065339930310182
   (1,8)      0.061218858618070
   (1,9)      0.056507371511488
   (1,10)     0.053215089273826
   (1,11)     0.011727020291533
   (1,12)     0.010918137993253
   (1,13)     0.002968295714412
   (1,14)     0.002681913674436

K>> value_end_gmres_tot

value_end_gmres_tot =

   (1,1)     11.275998835055157
   (1,2)      5.337935197213739
   (1,3)      3.283703705512333
   (1,4)      2.278890726255481
   (1,5)      1.604021723008476
   (1,6)      1.150466169936160
   (1,7)      0.810432638132752
   (1,8)      0.568041810132510
   (1,9)      0.375224185657818
   (1,10)     0.244494228972817
   (1,11)     0.128920080710900
   (1,12)     0.079770629606491
   (1,13)     0.028064114116521
   (1,14)     0.016102152776119


inexact resolution
newton--min gmres
Hmax = 0.07
meshdata(J).ne = 34592
effectivity indices = 
(1,1)     43.332897420444915
   (1,2)     31.175154554075966
   (1,3)     25.865934109758989
   (1,4)     24.008320623111654
   (1,5)     22.446555257817259
   (1,6)     20.963442657255918
   (1,7)     19.555230971125045
   (1,8)     18.925405639825346
   (1,9)     18.573995565792472
   (1,10)    17.074554047977273
   (1,11)    15.634036102981952
   (1,12)    14.640656685510711
   (1,13)    13.259393659598496
   (1,14)    11.067583829799494
   (1,15)     9.223996512887856
   (1,16)     7.677233723794285
   (1,17)     6.346654825313817
   (1,18)     5.045652827876969
   (1,19)     4.098492199462013
   (1,20)     3.234484729665772
   (1,21)     2.237892668967262
   (1,22)     1.715582620766409
   (1,23)     1.376654249377609
   (1,24)     1.205094570553017
   (1,25)     1.051438947691889
   (1,26)     1.024059361819109
   (1,27)     1.003278338124484
   (1,28)     1.003341525038843
   (1,29)     1.002252354725176
   (1,30)     1.003199475119558
   (1,31)     1.005667688943755
   (1,32)     1.003732032059371
   (1,33)     1.004082076325522
   (1,34)     1.007194899595757
   (1,35)     1.007387921153692
   (1,36)     1.008720429767222
   (1,37)     1.011133152709838
   (1,38)     1.011833333193799
   (1,39)     1.014801075844413
   (1,40)     1.019733428181587
   (1,41)     1.020427500214011
   (1,42)     1.024952713848607
   (1,43)     1.025842745897214
   (1,44)     1.027300130924371
   (1,45)     1.028253203465683
   (1,46)     1.030695097066638
   (1,47)     1.031013136551927
   (1,48)     1.032345372166821
   (1,49)     1.032537168907393
   (1,50)     1.033191576788861
   (1,51)     1.033328340800555
   (1,52)     1.033601343851226
   (1,53)     1.033708035886736
   (1,54)     1.033851126322181
   (1,55)     1.033941019013733
   (1,56)     1.034013622733384
   (1,57)     1.034121534496071
   (1,58)     1.034154617495381
   (1,59)     1.034178164015992
   (1,60)     1.034208887930259
   (1,61)     1.034222607257596
   (1,62)     1.034240249229081
   (1,63)     1.034247483511364
   (1,64)     1.034262109257867
   (1,65)     1.034266473759679
   (1,66)     1.034274020661342
   (1,67)     1.034276766047654
   (1,68)     1.034280262158085
   (1,69)     1.034282594110880
   (1,70)     1.034284493563458
   (1,71)     1.034285506239011
   (1,72)     1.034286399133955
   (1,73)     1.034287107365786
   (1,74)     1.034287216653356
   (1,75)     1.034287456332643
   (1,76)     1.034287428703326
   (1,77)     1.034287479129208
   (1,78)     1.034287322647605
   (1,79)     1.034287203868562
   (1,80)     1.034287020601512
   (1,81)     1.034286859787138
   (1,82)     1.034286488078257
   (1,83)     1.034286291862765
   (1,84)     1.034285773411235
   (1,85)     1.034285593919226
   (1,86)     1.034285415333948
   (1,87)     1.034285286460989
   (1,88)     1.034285145141874
   (1,89)     1.034285004992620
   (1,90)     1.034284879993029
   (1,91)     1.034284756975119
   (1,92)     1.034284651162864
   (1,93)     1.034284547832017
   (1,94)     1.034284464184063
   (1,95)     1.034284378924612
   (1,96)     1.034284304778573
   (1,97)     1.034284247723743
   (1,98)     1.034284190797576
   (1,99)     1.034284138906230
   (1,100)    1.034284082260500
   (1,101)    1.034284039852772
   (1,102)    1.034283968478774
   (1,103)    1.034283936641691
   (1,104)    1.034283848104002
   (1,105)    1.034283826525037
   (1,106)    1.034283800495605
   (1,107)    1.034283787163235
   (1,108)    1.034283759489628
   (1,109)    1.034283748704955
   (1,110)    1.034283725391781
   (1,111)    1.034283717061395
   (1,112)    1.034283697429337
   (1,113)    1.034283690837845
   (1,114)    1.034283675303671
   (1,115)    1.034283669888895
   (1,116)    1.034283658802699
   (1,117)    1.034283654796548
   (1,118)    1.034283645373285
   (1,119)    1.034283642286990
   (1,120)    1.034283636201540
   (1,121)    1.034283633808833
   (1,122)    1.034283629611072
   (1,123)    1.034283627580444
   (1,124)    1.034283623802463
   (1,125)    1.034283622210916
   (1,126)    1.034283619406760
   (1,127)    1.034283618126227
   (1,128)    1.034283615786479
   (1,129)    1.034283614733638
   (1,130)    1.034283612871130
   (1,131)    1.034283612053051
   (1,132)    1.034283610467240
   (1,133)    1.034283609792659
   (1,134)    1.034283608529894
   (1,135)    1.034283607965791
   (1,136)    1.034283606525523
   (1,137)    1.034283606107480
   (1,138)    1.034283605063500
   (1,139)    1.034283604768421
   (1,140)    1.034283603882019
   (1,141)    1.034283603676795
   (1,142)    1.034283602801678
   (1,143)    1.034283602663751
   (1,144)    1.034283602319224
   (1,145)    1.034283602242863
   (1,146)    1.034283602101753
   (1,147)    1.034283602041572
   (1,148)    1.034283601952229
   (1,149)    1.034283601898271
   (1,150)    1.034283601815913
   (1,151)    1.034283601773951
   (1,152)    1.034283601703567
   (1,153)    1.034283601671683
   (1,154)    1.034283601611258
   (1,155)    1.034283601585741
   (1,156)    1.034283601525454
   (1,157)    1.034283601507825
   (1,158)    1.034283601470626
   (1,159)    1.034283601458057
   (1,160)    1.034283601433107
   (1,161)    1.034283601423629
   (1,162)    1.034283601401360
   (1,163)    1.034283601393472
   (1,164)    1.034283601380080
   (1,165)    1.034283601373715
   (1,166)    1.034283601362455

number_iteration = 
rel_lin_res_newton =

   1.0e+05 *

   (1,1)      1.437756439862235
   (1,2)      0.692622708476579
   (1,3)      0.442152364535879
   (1,4)      0.356395470458189
   (1,5)      0.288436910469698
   (1,6)      0.234404350133415
   (1,7)      0.192506727979081
   (1,8)      0.176357801392096
   (1,9)      0.153110401127376
   (1,10)     0.126002478343752
   (1,11)     0.104040145369810
   (1,12)     0.095214443979158
   (1,13)     0.071371202256784
   (1,14)     0.053370432160364
   (1,15)     0.040370434574810
   (1,16)     0.032054175125753
   (1,17)     0.024507403048412
   (1,18)     0.018191314096211
   (1,19)     0.013638563392769
   (1,20)     0.011248891730575
   (1,21)     0.004945611273504
   (1,22)     0.002745443685270
   (1,23)     0.001442127767790
   (1,24)     0.000861928337285
   (1,25)     0.000186120510004
   (1,26)     0.000077502477099
   (1,27)     0.000004249100736
   (1,28)     0.000003476184563
   (1,29)     0.000000862661217
   (1,30)     0.000000500209719
   (1,31)     0.000003408877413
   (1,32)     0.000000403584077
   (1,33)     0.000000366930564
   (1,34)     0.000000243510866
   (1,35)     0.000000219662175
   (1,36)     0.000000191628448
   (1,37)     0.000000156789679
   (1,38)     0.000000148784826
   (1,39)     0.000000121731888
   (1,40)     0.000000089643240
   (1,41)     0.000000085778052
   (1,42)     0.000000063342312
   (1,43)     0.000000059126505
   (1,44)     0.000000052334662
   (1,45)     0.000000047816013
   (1,46)     0.000000035564520
   (1,47)     0.000000033775137
   (1,48)     0.000000025717402
   (1,49)     0.000000024356122
   (1,50)     0.000000019324112
   (1,51)     0.000000018072789
   (1,52)     0.000000015405150
   (1,53)     0.000000014203492
   (1,54)     0.000000012447555
   (1,55)     0.000000011190484
   (1,56)     0.000000010052660
   (1,57)     0.000000008094731
   (1,58)     0.000000007308047
   (1,59)     0.000000006724025
   (1,60)     0.000000005870547
   (1,61)     0.000000005423659
   (1,62)     0.000000004787924
   (1,63)     0.000000004478801
   (1,64)     0.000000003798936
   (1,65)     0.000000003533169
   (1,66)     0.000000003052041
   (1,67)     0.000000002826416
   (1,68)     0.000000002516647
   (1,69)     0.000000002263098
   (1,70)     0.000000001998920
   (1,71)     0.000000001820199
   (1,72)     0.000000001623032
   (1,73)     0.000000001424895
   (1,74)     0.000000001315636
   (1,75)     0.000000001178059
   (1,76)     0.000000001078881
   (1,77)     0.000000000953253
   (1,78)     0.000000000857181
   (1,79)     0.000000000794269
   (1,80)     0.000000000694483
   (1,81)     0.000000000647760
   (1,82)     0.000000000512409
   (1,83)     0.000000000482468
   (1,84)     0.000000000346481
   (1,85)     0.000000000324998
   (1,86)     0.000000000287642
   (1,87)     0.000000000263282
   (1,88)     0.000000000238930
   (1,89)     0.000000000213308
   (1,90)     0.000000000193389
   (1,91)     0.000000000172805
   (1,92)     0.000000000155401
   (1,93)     0.000000000138239
   (1,94)     0.000000000126154
   (1,95)     0.000000000111330
   (1,96)     0.000000000101661
   (1,97)     0.000000000092450
   (1,98)     0.000000000084494
   (1,99)     0.000000000076474
   (1,100)    0.000000000067162
   (1,101)    0.000000000062042
   (1,102)    0.000000000050606
   (1,103)    0.000000000047324
   (1,104)    0.000000000033736
   (1,105)    0.000000000031498
   (1,106)    0.000000000027640
   (1,107)    0.000000000025915
   (1,108)    0.000000000021815
   (1,109)    0.000000000020572
   (1,110)    0.000000000017001
   (1,111)    0.000000000016133
   (1,112)    0.000000000013180
   (1,113)    0.000000000012466
   (1,114)    0.000000000010077
   (1,115)    0.000000000009536
   (1,116)    0.000000000007847
   (1,117)    0.000000000007431
   (1,118)    0.000000000006030
   (1,119)    0.000000000005679
   (1,120)    0.000000000004772
   (1,121)    0.000000000004497
   (1,122)    0.000000000003878
   (1,123)    0.000000000003640
   (1,124)    0.000000000003071
   (1,125)    0.000000000002894
   (1,126)    0.000000000002472
   (1,127)    0.000000000002329
   (1,128)    0.000000000001981
   (1,129)    0.000000000001859
   (1,130)    0.000000000001585
   (1,131)    0.000000000001486
   (1,132)    0.000000000001256
   (1,133)    0.000000000001175
   (1,134)    0.000000000000977
   (1,135)    0.000000000000923
   (1,136)    0.000000000000702
   (1,137)    0.000000000000667
   (1,138)    0.000000000000506
   (1,139)    0.000000000000481
   (1,140)    0.000000000000347
   (1,141)    0.000000000000330
   (1,142)    0.000000000000199
   (1,143)    0.000000000000190
   (1,144)    0.000000000000139
   (1,145)    0.000000000000131
   (1,146)    0.000000000000110
   (1,147)    0.000000000000103
   (1,148)    0.000000000000090
   (1,149)    0.000000000000083
   (1,150)    0.000000000000070
   (1,151)    0.000000000000066
   (1,152)    0.000000000000055
   (1,153)    0.000000000000052
   (1,154)    0.000000000000043
   (1,155)    0.000000000000040
   (1,156)    0.000000000000031
   (1,157)    0.000000000000030
   (1,158)    0.000000000000024
   (1,159)    0.000000000000023
   (1,160)    0.000000000000019
   (1,161)    0.000000000000018
   (1,162)    0.000000000000015
   (1,163)    0.000000000000014
   (1,164)    0.000000000000012
   (1,165)    0.000000000000011
   (1,166)    0.000000000000009

inexact resolution
newton--min gmres
Hmax = 0.2
meshdata(J).ne = 4064
effectivity indices = 

   (1,1)     17.008363844010386
   (1,2)     13.673270094517820
   (1,3)     12.219637131031373
   (1,4)     12.081512308128451
   (1,5)     11.189551987356658
   (1,6)      9.057318935353116
   (1,7)      6.555021460993530
   (1,8)      4.635891633353087
   (1,9)      2.955596476241309
   (1,10)     1.650736640975025
   (1,11)     1.054291307227760
   (1,12)     1.031597111907420
   (1,13)     1.035964664963235
   (1,14)     1.036096327288938
   (1,15)     1.036238369221962
   (1,16)     1.036237953191021
   (1,17)     1.036245447938333
   (1,18)     1.036244780696830
   (1,19)     1.036244925000062
   (1,20)     1.036244947345256
   (1,21)     1.036244974581187
   (1,22)     1.036244972699470
   (1,23)     1.036244975283309
   (1,24)     1.036244975485741
   (1,25)     1.036244976122467
   (1,26)     1.036244976098994
   (1,27)     1.036244976210986

number_iterations = 
rel_lin_res_newton =

   1.0e+03 *

   (1,1)      3.167281067664168
   (1,2)      1.423025671533363
   (1,3)      0.806823132913788
   (1,4)      0.599539903677190
   (1,5)      0.439843559079659
   (1,6)      0.281655728293323
   (1,7)      0.166841353738026
   (1,8)      0.108062405622799
   (1,9)      0.047200395433859
   (1,10)     0.014207316251686
   (1,11)     0.000812711123988
   (1,12)     0.000010351027751
   (1,13)     0.000001742905841
   (1,14)     0.000000994291269
   (1,15)     0.000000108024126
   (1,16)     0.000000056249161
   (1,17)     0.000000007610908
   (1,18)     0.000000002004510
   (1,19)     0.000000000479324
   (1,20)     0.000000000181708
   (1,21)     0.000000000074982
   (1,22)     0.000000000032930
   (1,23)     0.000000000014738
   (1,24)     0.000000000006089
   (1,25)     0.000000000002357
   (1,26)     0.000000000001083



inexact resolution
newton--min gmres
Hmax = 0.3
meshdata(J).ne = 2048
effectivity indices = 
   (1,1)     15.307370267789416
   (1,2)     12.764669081386968
   (1,3)     11.714220577991341
   (1,4)     11.604750539208485
   (1,5)      6.629025877662039
   (1,6)      2.278709703144277
   (1,7)      1.061638420882262
   (1,8)      1.038275743740219
   (1,9)      1.038046365367811
   (1,10)     1.038028376645817
   (1,11)     1.038026820866438
   (1,12)     1.038026413350027
   (1,13)     1.038026363022502
   (1,14)     1.038026347848206
   (1,15)     1.038026346055523
   (1,16)     1.038026345405507


number_iterations = 
rel_lin_res_newton =

   1.0e+03 *

   (1,1)      1.503366646292573
   (1,2)      0.646048493386703
   (1,3)      0.342791771273018
   (1,4)      0.251643200754409
   (1,5)      0.074691274150527
   (1,6)      0.012114965414246
   (1,7)      0.000252505650427
   (1,8)      0.000000890426827
   (1,9)      0.000000098365160
   (1,10)     0.000000011742519
   (1,11)     0.000000003599459
   (1,12)     0.000000000572181
   (1,13)     0.000000000133837
   (1,14)     0.000000000022073
   (1,15)     0.000000000005145
   (1,16)     0.000000000000882
