0.000000000000000000e+00 5.582746373879813317e-01 7.441663530463752396e-01 1.301149069057829788e-01 5.582746373879813317e-01 0.000000000000000000e+00 1.319103007628070756e-01 8.229962676447332148e-01 7.441663530463752396e-01 1.319103007628070756e-01 0.000000000000000000e+00 7.259482597464264053e-01 1.301149069057829788e-01 8.229962676447332148e-01 7.259482597464264053e-01 0.000000000000000000e+00
0.000000000000000000e+00 1.740779204787383794e-01 5.429333251945223093e-02 5.513235265693769982e-01 1.740779204787383794e-01 0.000000000000000000e+00 8.313068591628429704e-01 7.364639759263833518e-01 5.429333251945223093e-02 8.313068591628429704e-01 0.000000000000000000e+00 4.738966982231399561e-01 5.513235265693769982e-01 7.364639759263833518e-01 4.738966982231399561e-01 0.000000000000000000e+00
0.000000000000000000e+00 8.330116669260755335e-01 9.222792487582260890e-01 5.121721010378523786e-01 8.330116669260755335e-01 0.000000000000000000e+00 5.347555207688721168e-01 3.125682150543664939e-01 9.222792487582260890e-01 5.347555207688721168e-01 0.000000000000000000e+00 4.195298680016393833e-01 5.121721010378523786e-01 3.125682150543664939e-01 4.195298680016393833e-01 0.000000000000000000e+00
0.000000000000000000e+00 1.641003277334805999e-01 8.335188257621310992e-01 3.150324819748089311e-01 1.641003277334805999e-01 0.000000000000000000e+00 2.445272037245018737e-01 4.745657020981439711e-01 8.335188257621310992e-01 2.445272037245018737e-01 0.000000000000000000e+00 7.086653333263104315e-02 3.150324819748089311e-01 4.745657020981439711e-01 7.086653333263104315e-02 0.000000000000000000e+00
0.000000000000000000e+00 3.298729358148202451e-01 1.685464874625964837e-01 2.067085908760334378e-01 3.298729358148202451e-01 0.000000000000000000e+00 9.967383547330888049e-01 3.338787504222040514e-01 1.685464874625964837e-01 9.967383547330888049e-01 0.000000000000000000e+00 8.964439267810448975e-01 2.067085908760334378e-01 3.338787504222040514e-01 8.964439267810448975e-01 0.000000000000000000e+00
0.000000000000000000e+00 3.153488604925014371e-02 6.241329703520658301e-01 9.927144662793110363e-01 3.153488604925014371e-02 0.000000000000000000e+00 3.614412188153717231e-01 7.589195111040242248e-01 6.241329703520658301e-01 3.614412188153717231e-01 0.000000000000000000e+00 4.914929510937295909e-01 9.927144662793110363e-01 7.589195111040242248e-01 4.914929510937295909e-01 0.000000000000000000e+00
0.000000000000000000e+00 3.713387199179719600e-01 1.090491282945404983e-01 2.176786549266462867e-01 3.713387199179719600e-01 0.000000000000000000e+00 3.938081539455434710e-01 4.492826195520045474e-01 1.090491282945404983e-01 3.938081539455434710e-01 0.000000000000000000e+00 4.016939369337440002e-01 2.176786549266462867e-01 4.492826195520045474e-01 4.016939369337440002e-01 0.000000000000000000e+00
0.000000000000000000e+00 9.351138095850761722e-01 7.479884635573824658e-01 9.578128905549365690e-01 9.351138095850761722e-01 0.000000000000000000e+00 7.382885650555645052e-01 7.916951184600092839e-01 7.479884635573824658e-01 7.382885650555645052e-01 0.000000000000000000e+00 4.188319266780733408e-01 9.578128905549365690e-01 7.916951184600092839e-01 4.188319266780733408e-01 0.000000000000000000e+00
0.000000000000000000e+00 7.737630524004239785e-01 6.112256796006811932e-01 1.439718416284918590e-02 7.737630524004239785e-01 0.000000000000000000e+00 5.546587088506390595e-01 3.507089375884547833e-01 6.112256796006811932e-01 5.546587088506390595e-01 0.000000000000000000e+00 5.175741442981931506e-01 1.439718416284918590e-02 3.507089375884547833e-01 5.175741442981931506e-01 0.000000000000000000e+00
0.000000000000000000e+00 4.227540744807478656e-01 1.731169174686865153e-01 4.764485504048322495e-01 4.227540744807478656e-01 0.000000000000000000e+00 5.836538528433792283e-01 1.765250881120884463e-01 1.731169174686865153e-01 5.836538528433792283e-01 0.000000000000000000e+00 3.597170364285150468e-01 4.764485504048322495e-01 1.765250881120884463e-01 3.597170364285150468e-01 0.000000000000000000e+00
0.000000000000000000e+00 4.507462470479950412e-03 3.461735863909656263e-01 9.694396539389089629e-01 4.507462470479950412e-03 0.000000000000000000e+00 3.337693555629325237e-01 9.185993406567161124e-01 3.461735863909656263e-01 3.337693555629325237e-01 0.000000000000000000e+00 2.637162570214716117e-01 9.694396539389089629e-01 9.185993406567161124e-01 2.637162570214716117e-01 0.000000000000000000e+00
0.000000000000000000e+00 7.009665115788044076e-01 5.781312970171396115e-01 2.635285751274030197e-02 7.009665115788044076e-01 0.000000000000000000e+00 2.907002099759165015e-01 4.481457893576453744e-01 5.781312970171396115e-01 2.907002099759165015e-01 0.000000000000000000e+00 7.471051423400147939e-01 2.635285751274030197e-02 4.481457893576453744e-01 7.471051423400147939e-01 0.000000000000000000e+00
0.000000000000000000e+00 2.205352302770673401e-01 3.675979713944228511e-01 1.698997891981331998e-01 2.205352302770673401e-01 0.000000000000000000e+00 5.280385711626995882e-01 9.706437173895864357e-01 3.675979713944228511e-01 5.280385711626995882e-01 0.000000000000000000e+00 8.163119164077020651e-01 1.698997891981331998e-01 9.706437173895864357e-01 8.163119164077020651e-01 0.000000000000000000e+00
0.000000000000000000e+00 6.009411785297674724e-01 4.334872563179600347e-01 1.109519290666356461e-01 6.009411785297674724e-01 0.000000000000000000e+00 6.754303134907410078e-01 8.488632983054362757e-01 4.334872563179600347e-01 6.754303134907410078e-01 0.000000000000000000e+00 6.139348405772795392e-01 1.109519290666356461e-01 8.488632983054362757e-01 6.139348405772795392e-01 0.000000000000000000e+00
0.000000000000000000e+00 2.713290568726564045e-01 1.792351093951078944e-01 9.434865855265105461e-01 2.713290568726564045e-01 0.000000000000000000e+00 5.728048548684342434e-01 4.360302097136228294e-01 1.792351093951078944e-01 5.728048548684342434e-01 0.000000000000000000e+00 7.575930688074873354e-01 9.434865855265105461e-01 4.360302097136228294e-01 7.575930688074873354e-01 0.000000000000000000e+00
0.000000000000000000e+00 8.420460672961660453e-02 7.271677933982014785e-01 8.897085176107265569e-01 8.420460672961660453e-02 0.000000000000000000e+00 1.132052872496823737e-01 2.776764854552575823e-01 7.271677933982014785e-01 1.132052872496823737e-01 0.000000000000000000e+00 7.346251570536114217e-01 8.897085176107265569e-01 2.776764854552575823e-01 7.346251570536114217e-01 0.000000000000000000e+00
0.000000000000000000e+00 3.835615529166578330e-01 8.426817383437344988e-01 5.514461902660814374e-01 3.835615529166578330e-01 0.000000000000000000e+00 6.702519204518619933e-02 1.029397119910331337e-01 8.426817383437344988e-01 6.702519204518619933e-02 0.000000000000000000e+00 5.090150354870992544e-01 5.514461902660814374e-01 1.029397119910331337e-01 5.090150354870992544e-01 0.000000000000000000e+00
0.000000000000000000e+00 9.703932729520230449e-01 8.785171123670632021e-01 9.262813683412485233e-01 9.703932729520230449e-01 0.000000000000000000e+00 1.844319631611189836e-01 3.072137199456435042e-01 8.785171123670632021e-01 1.844319631611189836e-01 0.000000000000000000e+00 2.746203387788686001e-01 9.262813683412485233e-01 3.072137199456435042e-01 2.746203387788686001e-01 0.000000000000000000e+00
0.000000000000000000e+00 4.864934627006315404e-01 3.850227609019292174e-01 6.697403209567412974e-01 4.864934627006315404e-01 0.000000000000000000e+00 2.984642369021731634e-01 1.558436010228620994e-01 3.850227609019292174e-01 2.984642369021731634e-01 0.000000000000000000e+00 6.615722706786346663e-01 6.697403209567412974e-01 1.558436010228620994e-01 6.615722706786346663e-01 0.000000000000000000e+00
0.000000000000000000e+00 7.918031204189255323e-01 1.279791353121086939e-01 2.525895091235492718e-01 7.918031204189255323e-01 0.000000000000000000e+00 4.911617376523416123e-01 6.864980757185062954e-01 1.279791353121086939e-01 4.911617376523416123e-01 0.000000000000000000e+00 6.792695024302333184e-01 2.525895091235492718e-01 6.864980757185062954e-01 6.792695024302333184e-01 0.000000000000000000e+00
